-6.685198251415843e-150 0.1828584001044985 0.15072229123052502 0.09550530103999423 0.03493836702081521 0.13664431225058019 -0.21302253402114932 0.27396646992086715 
2.3640350575082906e-128 -0.35405098408233515 0.2031687837166459 0.020431286603678673 -0.46958371601697196 0.025744435142954228 0.0906535583045845 0.49306832967878306 
-5.768231502312781e-139 0.20778857204967457 -0.042196056570204345 -0.016990777274864047 0.16686782603237132 0.1602977747853001 0.07138665533293496 -0.32153001358547884 
-5.377920384329018e-200 -0.26575055943723186 0.17429283561905998 0.08936432199784909 -0.23516541057884227 0.3516127108881888 0.3542927659376732 -0.13993593804093415 
8.289592845960921e-126 0.12264844326239592 0.21311110224232604 0.017946433851625098 -0.29442363292464696 -0.37534168398034123 0.2629222925617557 -0.2754547082561403 
2.289525051453168e-152 -0.49269610629578586 -0.6795786382294751 0.24572930016307143 -0.21358117906305624 -0.3049319553932439 -0.0793510278554065 0.03440528668044003 
-1.1964524794056813e-132 0.05791034394281067 0.3394765865295056 0.120610590278572 -0.2533633011623995 0.2633677605513754 -0.20108128355006283 0.3838014977989555 
-1.2061568822065914e-159 -0.008181992676703503 -0.14052533126202743 0.2792673470861711 0.548066621528665 0.21748915717380643 0.186613971009003 0.014367145484026735 
-3.1063055715165307e-153 -0.4304251556707 -0.14540810532918597 -0.08754893343684658 0.12364007646707063 0.05797072612516277 -0.2030617338911379 -0.001756063110434833 
7.974726242067308e-126 -0.35022375174454284 -0.08358672089635226 0.21004933470501855 0.46435150179064344 -0.15120303604109578 0.31844788625857007 -0.3711793992247811 
1.775009177841481e-122 0.34515513101802237 0.08555769694082367 0.24374195911171798 0.30768447985892644 -0.08680232262408177 0.0622239485439932 -0.3695078208342136 
5.102004869898944e-142 -0.5161132802416332 -1.088389511601022 0.9746778708057304 -1.037472879474302 -0.5013951064585108 -0.36160371680857895 -0.03684579783274509 
-1.912973785782445e-202 0.1880845561318874 4.22562656190455 -5.027065137186979 5.675002840228361 6.347980998924631 5.7484012452983775 -0.0939379508127636 
-2.124378569454821e-195 0.17666888464490474 -0.3869655523109853 -0.061449188701183106 0.3499427685418441 -0.15175737249797677 -0.21298569453487784 -0.42473871466460633 
-3.031079441582411e-165 -0.11387373994254853 1.1406304857170548 -1.053524874335215 0.8107398589825983 0.9124917344546469 1.056291641470696 3.647661205075953e-142 
9.987709184070486e-140 0.1874295232241799 0.3493512473389806 -0.33095867404028695 0.9121814967940156 0.4452751815934201 0.35455078078575664 -0.11704929496941317 

3.7457616954065066e-124 
-0.6189664085875582 
0.5778292473858327 
-0.9516411968761362 
0.37933588772353766 
0.2771400165732236 
0.3293008737310525 
-0.5470642556024317 
----------------------------------------------------------------------------------------------------------------------------------------------------------------
-0.34777657073106893 0.3407527135753666 -0.05535363423121895 0.1347433443548791 -0.005795856742192298 0.0045908830802268725 0.05662017025639687 0.01670606724645359 
-0.4418088016036239 0.12340918230116904 -0.4106673291818154 -0.8412146923223544 -1.4378892113744465e-06 0.14917379157137714 0.08871221800955388 0.022554148908663144 
-0.09614367395658975 -0.4890921562561884 -0.09437127115873324 0.2347605478066752 -4.8644282236529866e-05 -0.263246005487021 0.0474039519731075 -0.0750409972671618 
-0.16799548671817136 -0.39402655053347274 -0.4804646850061839 0.45592746416429797 -0.007771518920928742 0.3759676448799787 0.05522245423916091 -0.07705758254378807 
-0.4024571633102337 0.2868846441416712 -0.5303142267357214 -0.09275385884282514 -0.005616316843312842 -0.4457314398780047 0.07032089789915597 0.014781907245367607 
-0.06374895389491503 -0.16930071537275396 0.23676848247510704 -0.3155262767702688 -2.2101974816557914e-12 0.42398499344147145 -0.04082973147230264 0.5506767650143651 
0.39646966646968884 -0.19577192243254535 0.2000732092165549 0.08385077834121532 -0.008681158650435419 -0.13739359237634283 0.07151072267039829 0.007175126166772999 
-0.19708082421737505 0.2817143490062873 -0.3356417979491487 0.22932143706520078 -0.0025991400940893186 -0.46967016043527465 0.08706811199972748 0.012056727635291349 
-0.15937245491173177 -0.5529261487971845 0.06614404375106966 -0.3693194103088081 -0.003919161960106928 0.10036536587693329 0.06801692556437755 0.003720561084586848 
0.4439312088522499 0.06631716990780556 0.1831960339281137 -0.2977575455323032 -0.005729367215427837 -0.18755755549033026 0.0745876039796303 -0.0013626035124917628 
-0.3278881550634241 0.19565048937380863 0.3216021041191588 -0.34279079581549704 -0.00685129840476229 -0.05098129829933165 0.07854092265417198 0.049727893998235975 
0.11794181206321726 -0.12565336818307146 -0.36392661217704536 -0.2889106107720952 -1.0397270016241572e-43 0.09703915167625722 -0.28069631821788765 2.254482249780765 
6.116877629921699e-239 -0.4948167935525002 0.8507371158417965 0.2032640537243441 -1.2092576468527297e-39 -0.3450339700484245 1.4757710987037636 -7.7181988362118785 
-0.004800641680761669 -0.1300031468386317 -0.08302761438942016 0.4216918835866817 3.5543331171558405e-205 0.10854115323305359 0.07277397175099412 0.07191217088448147 
5.527812907826658e-223 -1.2470277269241873e-217 5.601648497517584e-12 0.3212945714793903 5.868289027114278e-269 -0.016383928856340803 -0.20244675785482238 -1.329179787942459 
-1.8096424381286173e-217 0.21340849737986053 -0.4302263873891553 0.28191039670500606 -1.207435463846705e-39 0.054636257917357406 -0.04320024475286118 -0.7168088800667182 

0.32823037160006285 
-0.6005862708589031 
0.7047006689072093 
0.46476934239784606 
-2.7167871923767375e-106 
-0.1628790759717871 
0.07088839812844673 
-2.6344671263769976 
----------------------------------------------------------------------------------------------------------------------------------------------------------------
-0.3242510558147486 0.12655566443473004 -0.004771719401820615 0.17216194685830813 0.5551797914182061 -6.586107433527591e-206 0.20037367361411088 -0.11378369062865211 
0.1769243046151022 0.24870170371776837 -0.09140676257274621 0.6110806665678201 0.1444919093761449 7.432056683337558e-226 -0.07827957631015169 -0.09516501245722665 
0.06307548765570782 0.4357561225867906 0.11560565523669 0.27763487253925534 0.4606423613872213 -3.2881756118508694e-249 -0.15819911353835311 -0.4975129561488448 
0.29339380372510493 0.09226139878411964 -0.0043408084442529 -0.15568176609703602 -0.14522168000564892 9.573442989982262e-195 0.36872301314605416 -0.26522656506455067 
0.3564517316336499 0.009525227658583475 -0.16660115665849493 -0.0353789811522606 -0.4582063153895533 -5.670966794956836e-218 -0.43784223768887337 -0.24007010110876342 
-0.74105227512651 0.842277676308044 -0.6904177018976773 0.2614526935935338 0.10293061618489169 2.448367798416565e-252 0.0677522112788574 -0.22192646312646216 
0.35713737413364255 0.41357221117666865 -0.10285540886431652 0.2990730874138278 -0.08688680748189083 -4.2788334660503856e-252 -0.3985473823457091 0.05448562854799663 
0.0634870630901825 -0.029802515599247285 -0.007712884801281088 0.3946333402548661 0.04817667642873306 -1.088368369768979e-200 -0.18250621799729705 -0.35960731638711 
-0.2361664959899506 -0.14555014439521854 0.20394913214212212 -0.038464143336573296 0.11662867485219014 -3.3671896048039994e-217 0.1978657768388047 0.21184358545776674 
-0.09370707935382674 0.04466875320233071 -0.012961972870514791 0.4040042018023017 0.3193353414040129 -1.728304200174073e-254 -0.45306231958792875 -0.21541974619958668 
0.22617346934887808 0.713537277375507 0.30337183067407986 0.5833818606558113 0.08080919712787339 2.111629756324304e-219 -0.17022277321549475 0.11283300454408096 
-0.6953946361283773 1.291744466686467 -1.2312943070526594 1.0521919398157893 -0.5619805136617472 6.098824551333599e-227 0.07349427262646564 -0.0205942071890068 
6.264015183200815 -5.913867535380686 7.2476859656489525 -6.639067929027494 6.827026981220227 -1.5435112912532048e-264 -1.0999100499803705e-182 -0.0026204188119350897 
0.3170909455278062 0.17256608782915553 -0.5277797684231135 0.1506869924384621 -0.22682316230219202 1.0103233919761595e-196 0.17431515928310048 -0.22687295440490646 
0.8102115184498775 -0.968404658204403 1.0036553203153409 -1.4544740609104476 1.460999876103061 -1.9524355391051868e-213 2.3577031354631443e-204 -1.6150240519865736e-196 
0.5297832090527541 -0.21099439543616505 0.7822897646122771 -0.9090753970803999 0.4239989784995518 1.1766688615394281e-217 0.22959006368794954 0.11593411113310215 

0.8238110231324088 
-0.3330973534530119 
0.3063994370058112 
-0.27315223844790437 
0.5988041800506132 
-4.047637787300132e-168 
0.5141061411279473 
-0.18157905970666469
----------------------------------------------------------------------------------------------------------------------------------------------------------------